1722985727789 2.3411822857142863 0
1722985759087 2.3411822857142863 5
1722985782789 2.3411822857142863 10
1722985806482 2.3411822857142863 15
1722985831715 2.3411822857142863 20
1722985857716 2.3411822857142863 25
1722985881754 2.3411822857142863 30
1722985906156 2.3411822857142863 35
1722985929240 2.3411822857142863 40
1722985955492 2.3411822857142863 45
1722985980082 2.3411822857142863 50
1722986004244 2.3411822857142863 55
1722986028026 2.3411822857142863 60
1722986051767 2.3411822857142863 65
1722986077105 2.3411822857142863 70
1722986102671 2.3411822857142863 75
1722986126739 2.3411822857142863 80
1722986152506 2.3411822857142863 85
1722986179883 2.3411822857142863 90
1722986207907 2.3411822857142863 95
