1722985712147 92909.03125 0
1722985743554 80604.6796875 1
1722985745486 71691.03125 2
1722985747453 39910.35546875 3
1722985749379 31449.732421875 4
1722985751406 34078.69921875 5
1722985766979 13078.48046875 6
1722985768941 10416.669921875 7
1722985770877 14374.2802734375 8
1722985772818 15821.5458984375 9
1722985774757 11486.154296875 10
1722985791112 48788.375 11
1722985793057 14549.5634765625 12
1722985794990 17425.73046875 13
1722985796954 14548.263671875 14
1722985798884 13254.1484375 15
1722985814621 22930.4921875 16
1722985816557 9568.982421875 17
1722985818493 13385.599609375 18
1722985820428 14023.6259765625 19
1722985822383 12101.431640625 20
1722985841197 11670.0703125 21
1722985843122 24305.55859375 22
1722985845075 14453.162109375 23
1722985847012 10292.5126953125 24
1722985848960 15747.802734375 25
1722985865430 9141.7822265625 26
1722985867471 12391.55078125 27
1722985869415 33149.265625 28
1722985871415 27466.443359375 29
1722985873397 15910.4638671875 30
1722985890601 25795.70703125 31
1722985892540 11286.708984375 32
1722985894554 11622.9013671875 33
1722985896513 15500.7509765625 34
1722985898465 16014.326171875 35
1722985914265 12761.09375 36
1722985916217 23283.2109375 37
1722985918147 22360.23828125 38
1722985920116 17740.2734375 39
1722985922091 13945.837890625 40
1722985937383 12759.4853515625 41
1722985939393 37372.515625 42
1722985941332 12949.56640625 43
1722985943293 17489.9375 44
1722985945237 17022.158203125 45
1722985964472 33446.984375 46
1722985966507 12105.828125 47
1722985968510 17164.46875 48
1722985970504 13417.6416015625 49
1722985972493 13193.3310546875 50
1722985988009 20261.10546875 51
1722985989959 10885.3017578125 52
1722985991982 9216.2744140625 53
1722985993963 14713.244140625 54
1722985995961 14337.216796875 55
1722986012379 9286.5 56
1722986014329 6245.62109375 57
1722986016309 4735.35107421875 58
1722986018281 16644.6171875 59
1722986020234 6086.2646484375 60
1722986035970 8334.576171875 61
1722986038000 21447.984375 62
1722986039965 16300.5009765625 63
1722986041947 15128.166015625 64
1722986043964 18005.330078125 65
1722986059732 16857.208984375 66
1722986061771 9422.6259765625 67
1722986063839 21266.439453125 68
1722986065839 8527.7705078125 69
1722986067841 22108.09375 70
1722986086757 7700.03564453125 71
1722986088780 9800.0537109375 72
1722986090802 7963.197265625 73
1722986092845 8922.8671875 74
1722986094891 8957.03125 75
1722986110634 21766.705078125 76
1722986112644 9315.568359375 77
1722986114670 16543.140625 78
1722986116668 9228.44921875 79
1722986118683 10874.466796875 80
1722986134988 7021.1533203125 81
1722986137021 8157.4599609375 82
1722986139079 17492.38671875 83
1722986141051 8878.59375 84
1722986143045 18773.939453125 85
1722986162127 5935.3017578125 86
1722986164114 7229.00537109375 87
1722986166116 6471.310546875 88
1722986168111 7292.4111328125 89
1722986170102 7044.2880859375 90
1722986189427 9696.2998046875 91
1722986191490 14341.021484375 92
1722986193488 17191.6640625 93
1722986195484 7269.580078125 94
1722986197702 9681.1552734375 95
1722986218321 5814.80419921875 96
1722986220296 13052.998046875 97
1722986222291 10810.6015625 98
1722986224279 9928.7861328125 99
