1722985712148 1.3025081157684326 0
1722985743554 1.3741357326507568 1
1722985745486 1.506187081336975 2
1722985747454 1.7138444185256958 3
1722985749380 3.436612367630005 4
1722985751407 1.6473331451416016 5
1722985766979 1.6159451007843018 6
1722985768942 1.6518161296844482 7
1722985770877 1.6404269933700562 8
1722985772818 1.658033847808838 9
1722985774758 1.7266223430633545 10
1722985791112 1.7699373960494995 11
1722985793057 1.7367242574691772 12
1722985794990 1.7024550437927246 13
1722985796954 1.7195401191711426 14
1722985798884 1.7510149478912354 15
1722985814621 1.785585880279541 16
1722985816557 1.7662824392318726 17
1722985818494 1.7050069570541382 18
1722985820429 1.676376223564148 19
1722985822383 1.6874332427978516 20
1722985841197 1.7362886667251587 21
1722985843123 1.7811899185180664 22
1722985845075 1.7379751205444336 23
1722985847013 1.7681643962860107 24
1722985848960 1.742032766342163 25
1722985865431 1.802901268005371 26
1722985867472 1.8949753046035767 27
1722985869416 1.9623929262161255 28
1722985871415 1.914902925491333 29
1722985873397 1.9316329956054688 30
1722985890601 1.9656227827072144 31
1722985892540 2.0105676651000977 32
1722985894555 2.096409320831299 33
1722985896514 2.1416330337524414 34
1722985898466 2.212094783782959 35
1722985914265 2.231269359588623 36
1722985916217 2.3326802253723145 37
1722985918148 2.3341712951660156 38
1722985920116 2.412400245666504 39
1722985922091 2.4139325618743896 40
1722985937383 2.3772082328796387 41
1722985939394 2.534411907196045 42
1722985941332 2.774054527282715 43
1722985943293 2.984086036682129 44
1722985945237 3.230109453201294 45
1722985964472 2.8579444885253906 46
1722985966507 3.151704788208008 47
1722985968510 2.914271116256714 48
1722985970504 3.2156553268432617 49
1722985972493 4.346216201782227 50
1722985988009 7.015347957611084 51
1722985989959 4.135133743286133 52
1722985991982 3.8604583740234375 53
1722985993963 3.417083740234375 54
1722985995961 3.4816198348999023 55
1722986012379 3.109854221343994 56
1722986014329 3.0482113361358643 57
1722986016309 3.2824435234069824 58
1722986018281 3.2269175052642822 59
1722986020234 3.4952008724212646 60
1722986035970 4.071095943450928 61
1722986038001 8.666685104370117 62
1722986039965 3.7884268760681152 63
1722986041948 4.072144508361816 64
1722986043965 3.3753294944763184 65
1722986059732 2.8306331634521484 66
1722986061772 2.6074042320251465 67
1722986063839 2.8640878200531006 68
1722986065839 3.398191213607788 69
1722986067842 4.201075077056885 70
1722986086757 5.210058212280273 71
1722986088780 5.886736869812012 72
1722986090802 5.229112148284912 73
1722986092845 5.933785915374756 74
1722986094891 7.629855155944824 75
1722986110635 8.212705612182617 76
1722986112644 8.838601112365723 77
1722986114670 7.827914714813232 78
1722986116669 7.337373733520508 79
1722986118684 6.927179336547852 80
1722986134989 6.264669418334961 81
1722986137021 6.575485706329346 82
1722986139079 5.588226318359375 83
1722986141051 5.917018890380859 84
1722986143046 6.499057769775391 85
1722986162128 8.51436996459961 86
1722986164114 10.266347885131836 87
1722986166116 10.317926406860352 88
1722986168112 9.486804008483887 89
1722986170103 7.734400749206543 90
1722986189428 5.280038833618164 91
1722986191490 4.590694904327393 92
1722986193489 4.820159912109375 93
1722986195484 5.1310133934021 94
1722986197703 5.385390281677246 95
1722986218321 5.8151774406433105 96
1722986220297 5.455200672149658 97
1722986222292 6.659003257751465 98
1722986224279 8.836331367492676 99
