1722980807687 1.0965310335159302 0
1722982102753 1.1466174125671387 1
1722982104612 1.199136734008789 2
1722982106457 1.3842910528182983 3
1722982108314 1.567997932434082 4
1722982110168 1.4614250659942627 5
1722982621963 1.4094375371932983 6
1722982623870 1.414489507675171 7
1722982625785 1.3552311658859253 8
1722982627661 1.4234576225280762 9
1722982629558 1.4718507528305054 10
1722983194852 1.5433927774429321 11
1722983196692 1.575178623199463 12
1722983198507 1.7644309997558594 13
1722983200354 2.0386240482330322 14
1722983202197 2.1562905311584473 15
1722983782762 2.1847996711730957 16
1722983784602 3.375552177429199 17
1722983786432 4.90469217300415 18
1722983788244 5.90924072265625 19
1722983790063 2.6181414127349854 20
1722984389818 2.4358949661254883 21
1722984391737 2.226835012435913 22
1722984393641 2.05826997756958 23
1722984395526 2.038588285446167 24
1722984397423 1.9941880702972412 25
1722984994612 1.909269094467163 26
1722984996524 1.9706697463989258 27
1722984998438 1.9510935544967651 28
1722985000344 1.9371241331100464 29
1722985002283 1.9801372289657593 30
