1722980807686 85500.234375 0
1722982102752 73183.0078125 1
1722982104611 71598.234375 2
1722982106457 37132.38671875 3
1722982108314 26519.60546875 4
1722982110167 23063.267578125 5
1722982621963 16363.48828125 6
1722982623870 13200.587890625 7
1722982625784 13201.6171875 8
1722982627660 16007.671875 9
1722982629558 18931.142578125 10
1722983194852 29344.12109375 11
1722983196691 8565.5185546875 12
1722983198507 28818.3203125 13
1722983200353 12495.453125 14
1722983202196 18509.015625 15
1722983782761 11289.8076171875 16
1722983784602 12070.083984375 17
1722983786431 13058.2275390625 18
1722983788244 13112.5986328125 19
1722983790063 11923.0498046875 20
1722984389818 31043.88671875 21
1722984391737 25776.65625 22
1722984393640 14408.59765625 23
1722984395526 22049.11328125 24
1722984397422 18128.669921875 25
1722984994612 14891.2998046875 26
1722984996524 12910.578125 27
1722984998437 13875.955078125 28
1722985000344 14016.34765625 29
1722985002283 10754.876953125 30
