1722977422103 43081.61328125 0
1722977976276 15734.255859375 1
1722977980055 10629.23046875 2
1722977983808 7317.08203125 3
1722977987550 6441.52197265625 4
1722977991318 5962.66748046875 5
1722978606785 5751.9736328125 6
1722978610711 6143.4912109375 7
1722978614542 5547.73388671875 8
1722978618356 5498.89892578125 9
1722978622150 4971.8828125 10
1722979228792 4592.9326171875 11
1722979232590 5179.74951171875 12
1722979236409 5739.13427734375 13
1722979240214 5489.58984375 14
1722979244015 4889.58984375 15
1722979850188 5045.05517578125 16
1722979854027 4624.6923828125 17
1722979857911 3760.71875 18
1722979861787 3978.783203125 19
1722979865731 3668.5087890625 20
