1722977422104 1.3629704713821411 0
1722977976276 1.3513168096542358 1
1722977980056 3.832731246948242 2
1722977983809 5.821638584136963 3
1722977987551 7.6311845779418945 4
1722977991319 9.091324806213379 5
1722978606786 9.163066864013672 6
1722978610711 11.84016227722168 7
1722978614542 11.38177490234375 8
1722978618356 14.168989181518555 9
1722978622150 12.292884826660156 10
1722979228793 13.697279930114746 11
1722979232590 14.158801078796387 12
1722979236409 15.427545547485352 13
1722979240215 15.688231468200684 14
1722979244015 15.69656753540039 15
1722979850188 18.036649703979492 16
1722979854028 16.91362762451172 17
1722979857912 21.108884811401367 18
1722979861788 21.939546585083008 19
1722979865731 22.155717849731445 20
