1721747717518 7.688419818878174 0
1721747794389 22.858549118041992 1
1721747822968 53.43353271484375 2
1721747851650 101.82008361816406 3
1721747880661 140.81988525390625 4
1721747909553 164.76634216308594 5
1721747984904 187.19229125976562 6
1721748013926 204.52430725097656 7
1721748043048 224.20509338378906 8
1721748072330 243.450927734375 9
1721748102233 261.45501708984375 10
1721748182608 275.06964111328125 11
1721748213378 282.9352722167969 12
1721748244001 302.2225646972656 13
1721748274514 310.7174072265625 14
1721748304659 323.4879455566406 15
1721748383851 329.74151611328125 16
1721748414240 339.1960754394531 17
1721748445229 352.09869384765625 18
1721748475372 361.7759704589844 19
1721748505570 371.91778564453125 20
1721748589805 379.3000183105469 21
1721748618635 388.3843994140625 22
1721748648598 396.1001281738281 23
1721748677993 405.1367492675781 24
1721748707176 412.00738525390625 25
1721748774724 417.93182373046875 26
1721748804085 428.0257568359375 27
1721748833393 437.5848693847656 28
1721748862474 442.55206298828125 29
1721748891559 456.9535827636719 30
1721748960504 457.6822204589844 31
1721748989660 462.2581481933594 32
1721749019036 472.4535827636719 33
1721749048572 478.6498107910156 34
1721749077782 484.80291748046875 35
1721749155390 488.57696533203125 36
1721749184753 496.28265380859375 37
1721749214286 498.6700134277344 38
1721749244310 500.466064453125 39
1721749274770 501.6611022949219 40
1721749352978 507.8340148925781 41
1721749383926 509.6944885253906 42
1721749414653 512.8533325195312 43
1721749445427 513.885009765625 44
1721749476300 512.2154541015625 45
1721749558926 515.007080078125 46
1721749589756 523.8619384765625 47
1721749620761 524.4821166992188 48
1721749651222 526.6724243164062 49
1721749681860 520.8912963867188 50
1721749760927 530.1557006835938 51
1721749791477 524.4644775390625 52
1721749819722 517.8673095703125 53
1721749847230 516.3927612304688 54
1721749874610 518.08544921875 55
1721749941016 519.9655151367188 56
1721749968494 516.8854370117188 57
1721749996164 522.513427734375 58
1721750023513 519.7498168945312 59
1721750050795 515.4180297851562 60
1721750116332 514.494384765625 61
1721750143679 517.3682861328125 62
1721750170927 512.1771240234375 63
1721750198224 517.675537109375 64
1721750225836 517.8018798828125 65
1721750293343 514.10302734375 66
1721750321128 514.978759765625 67
1721750351422 513.9171142578125 68
1721750381745 512.6769409179688 69
1721750411885 510.14306640625 70
1721750482788 510.88238525390625 71
1721750510751 511.8365173339844 72
1721750539507 511.4718322753906 73
1721750567898 508.1663818359375 74
1721750596343 509.0235595703125 75
1721750663487 505.61376953125 76
1721750692111 508.0771789550781 77
1721750721332 504.91192626953125 78
1721750749471 508.3731384277344 79
1721750778422 511.8607177734375 80
