1721747717518 1288.0194091796875 0
1721747794389 911.4990234375 1
1721747822968 673.4178466796875 2
1721747851650 479.5394287109375 3
1721747880660 372.3977355957031 4
1721747909553 326.7152404785156 5
1721747984904 278.7290954589844 6
1721748013926 265.8045959472656 7
1721748043048 218.61436462402344 8
1721748072329 193.27197265625 9
1721748102232 166.05426025390625 10
1721748182607 157.02212524414062 11
1721748213377 146.02806091308594 12
1721748244000 132.90679931640625 13
1721748274513 128.6818084716797 14
1721748304658 113.84828186035156 15
1721748383850 116.36173248291016 16
1721748414239 107.40362548828125 17
1721748445228 105.6662826538086 18
1721748475372 90.50690460205078 19
1721748505570 83.20887756347656 20
1721748589804 86.97977447509766 21
1721748618635 91.23367309570312 22
1721748648597 90.90560913085938 23
1721748677992 78.7566909790039 24
1721748707176 73.21786499023438 25
1721748774724 74.51284790039062 26
1721748804085 78.78823852539062 27
1721748833393 67.68174743652344 28
1721748862474 61.27548599243164 29
1721748891558 61.06581497192383 30
1721748960504 60.507102966308594 31
1721748989659 86.63973236083984 32
1721749019035 61.63663101196289 33
1721749048572 55.45397186279297 34
1721749077782 50.31539535522461 35
1721749155390 47.72554016113281 36
1721749184753 48.29420852661133 37
1721749214285 49.67920684814453 38
1721749244310 53.248626708984375 39
1721749274769 51.98584747314453 40
1721749352978 46.859657287597656 41
1721749383926 42.81706237792969 42
1721749414653 45.448150634765625 43
1721749445426 43.979984283447266 44
1721749476299 43.8048095703125 45
1721749558926 42.71954345703125 46
1721749589756 43.527957916259766 47
1721749620760 37.50022506713867 48
1721749651222 38.92619323730469 49
1721749681859 38.4918327331543 50
1721749760927 47.2515869140625 51
1721749791476 36.88508224487305 52
1721749819722 40.684566497802734 53
1721749847230 36.82182312011719 54
1721749874610 33.1433219909668 55
1721749941016 36.02280044555664 56
1721749968493 33.02064895629883 57
1721749996164 31.102577209472656 58
1721750023513 32.986045837402344 59
1721750050794 34.635520935058594 60
1721750116332 30.541723251342773 61
1721750143679 32.17795181274414 62
1721750170927 41.51089859008789 63
1721750198224 42.617591857910156 64
1721750225835 30.588102340698242 65
1721750293342 27.248146057128906 66
1721750321128 27.585220336914062 67
1721750351422 25.3050594329834 68
1721750381745 27.707658767700195 69
1721750411884 26.32297706604004 70
1721750482788 26.41844940185547 71
1721750510750 25.755821228027344 72
1721750539506 29.6065673828125 73
1721750567897 29.170162200927734 74
1721750596343 27.334392547607422 75
1721750663487 25.169353485107422 76
1721750692110 23.97279930114746 77
1721750721331 25.026893615722656 78
1721750749471 24.564899444580078 79
1721750778422 25.545774459838867 80
