1721094091413 6328.28466796875 0
1721094201313 4397.87109375 1
1721094204969 2434.7509765625 2
1721094208721 2876.822265625 3
1721094212410 2235.89697265625 4
1721094216088 2651.998779296875 5
1721094306975 2138.2939453125 6
1721094310677 1740.14794921875 7
1721094314355 1531.1578369140625 8
1721094318024 1675.6490478515625 9
1721094321690 3040.74462890625 10
1721094416710 2082.955322265625 11
1721094420328 2458.242431640625 12
1721094423973 1814.587890625 13
1721094427613 1932.8533935546875 14
1721094431314 2570.2001953125 15
1721094525441 1645.7049560546875 16
1721094529120 1856.718994140625 17
1721094532755 1193.1539306640625 18
1721094536400 1227.2518310546875 19
1721094540046 1224.4619140625 20
1721094629048 1646.592041015625 21
1721094632695 1050.49658203125 22
1721094636364 1123.365234375 23
1721094640025 926.4279174804688 24
1721094643648 896.304443359375 25
1721094734406 1503.24560546875 26
1721094738116 1023.3865356445312 27
1721094741753 882.97900390625 28
1721094745396 1143.7149658203125 29
1721094749039 1190.41796875 30
1721094844521 1051.9849853515625 31
1721094848174 1164.794189453125 32
1721094851848 1422.0897216796875 33
1721094855496 833.2315673828125 34
1721094859138 960.2407836914062 35
1721094952898 1214.2242431640625 36
1721094956528 889.875732421875 37
1721094960167 1231.3702392578125 38
1721094963842 807.5340576171875 39
1721094967530 1623.587890625 40
1721095060767 1473.8955078125 41
1721095064416 1339.77587890625 42
1721095068053 1001.78369140625 43
1721095071726 951.5223999023438 44
1721095075408 888.7814331054688 45
1721095165701 843.276611328125 46
1721095169385 1024.2166748046875 47
1721095173089 736.3875732421875 48
1721095176782 842.8453369140625 49
1721095180487 834.5922241210938 50
1721095271871 1136.4681396484375 51
1721095275549 605.8969116210938 52
1721095279372 807.185791015625 53
1721095283012 843.1832275390625 54
1721095286683 640.1065673828125 55
1721095377792 760.50634765625 56
1721095381440 659.039794921875 57
1721095385092 755.722900390625 58
1721095388732 686.7008666992188 59
1721095392455 741.8858642578125 60
1721095486891 621.2313842773438 61
1721095490554 656.056640625 62
1721095494215 1068.403076171875 63
1721095497872 793.2014770507812 64
1721095501525 722.4224853515625 65
1721095592779 834.9088745117188 66
1721095596408 693.5787963867188 67
1721095600067 1388.24609375 68
1721095603684 781.7810668945312 69
1721095607331 816.270263671875 70
1721095696848 712.6134033203125 71
1721095700484 827.1267700195312 72
1721095704186 800.781005859375 73
1721095707914 674.1275024414062 74
1721095711599 771.9365234375 75
1721095803167 835.79638671875 76
1721095806782 728.3742065429688 77
1721095810407 956.2998046875 78
1721095814085 636.1384887695312 79
1721095817747 873.114013671875 80
1721095909831 938.834228515625 81
1721095913500 714.7634887695312 82
1721095917171 775.6549682617188 83
1721095920817 882.3865966796875 84
1721095924469 752.599609375 85
1721096014854 731.1455688476562 86
1721096018477 1088.96337890625 87
1721096022145 628.1900024414062 88
1721096025834 913.2760009765625 89
1721096029498 646.3892211914062 90
1721096121503 694.1270141601562 91
1721096125218 603.8954467773438 92
1721096128865 706.5321044921875 93
1721096132531 780.1076049804688 94
1721096136196 647.2811279296875 95
1721096227841 582.4072265625 96
1721096231537 576.9078369140625 97
1721096235197 691.1668090820312 98
1721096238849 639.9551391601562 99
