1721094091414 1.3480030298233032 0
1721094201314 1.7100111246109009 1
1721094204969 1.7077741622924805 2
1721094208722 1.5459229946136475 3
1721094212411 1.680163025856018 4
1721094216089 1.8162950277328491 5
1721094306976 1.7150360345840454 6
1721094310677 2.1028010845184326 7
1721094314355 2.869777202606201 8
1721094318025 2.949998617172241 9
1721094321690 5.069648742675781 10
1721094416711 3.363396167755127 11
1721094420329 2.5841927528381348 12
1721094423974 2.7355599403381348 13
1721094427613 2.9362778663635254 14
1721094431315 2.6643378734588623 15
1721094525442 3.01603364944458 16
1721094529121 3.5343148708343506 17
1721094532756 4.318619728088379 18
1721094536400 4.698060035705566 19
1721094540046 6.122936248779297 20
1721094629049 5.726527690887451 21
1721094632696 7.045713424682617 22
1721094636365 6.793673992156982 23
1721094640026 7.300219535827637 24
1721094643649 7.150857925415039 25
1721094734407 7.136812210083008 26
1721094738117 8.171215057373047 27
1721094741753 9.344457626342773 28
1721094745396 10.043582916259766 29
1721094749040 8.358572959899902 30
1721094844522 12.436973571777344 31
1721094848174 10.16958999633789 32
1721094851849 9.95392894744873 33
1721094855496 10.722457885742188 34
1721094859139 11.204217910766602 35
1721094952898 9.999499320983887 36
1721094956529 10.120855331420898 37
1721094960168 13.088127136230469 38
1721094963843 10.750141143798828 39
1721094967531 11.748578071594238 40
1721095060768 11.005780220031738 41
1721095064416 12.908114433288574 42
1721095068053 14.712461471557617 43
1721095071727 13.938996315002441 44
1721095075409 15.210693359375 45
1721095165702 16.485631942749023 46
1721095169385 17.710311889648438 47
1721095173090 12.530218124389648 48
1721095176783 13.838293075561523 49
1721095180487 14.925629615783691 50
1721095271872 13.535048484802246 51
1721095275549 21.45092010498047 52
1721095279373 19.892192840576172 53
1721095283013 21.895849227905273 54
1721095286683 20.463817596435547 55
1721095377793 25.924686431884766 56
1721095381441 15.980679512023926 57
1721095385092 14.566354751586914 58
1721095388733 15.312561988830566 59
1721095392456 14.950559616088867 60
1721095486892 19.76251220703125 61
1721095490555 17.35443115234375 62
1721095494215 20.225025177001953 63
1721095497873 21.949844360351562 64
1721095501525 21.96173667907715 65
1721095592779 15.77677059173584 66
1721095596409 17.1224308013916 67
1721095600067 14.444459915161133 68
1721095603684 17.77483558654785 69
1721095607331 25.795785903930664 70
1721095696849 23.88934326171875 71
1721095700484 19.431894302368164 72
1721095704187 17.046323776245117 73
1721095707915 16.45940399169922 74
1721095711600 22.45673370361328 75
1721095803168 17.528656005859375 76
1721095806782 23.273128509521484 77
1721095810407 16.662961959838867 78
1721095814085 16.963497161865234 79
1721095817748 20.527191162109375 80
1721095909832 15.239184379577637 81
1721095913500 17.995685577392578 82
1721095917172 17.779874801635742 83
1721095920818 17.574079513549805 84
1721095924469 18.63099479675293 85
1721096014855 18.67906951904297 86
1721096018478 29.443408966064453 87
1721096022146 19.534250259399414 88
1721096025834 19.573766708374023 89
1721096029499 19.808488845825195 90
1721096121504 20.631149291992188 91
1721096125219 26.336334228515625 92
1721096128866 18.712451934814453 93
1721096132532 18.294706344604492 94
1721096136196 26.08500862121582 95
1721096227841 19.416400909423828 96
1721096231537 19.474790573120117 97
1721096235198 18.215288162231445 98
1721096238850 17.619243621826172 99
