1721148142833 1378.77490234375 0
1721148221061 934.5 1
1721148247401 707.2011108398438 2
1721148275468 525.7032470703125 3
1721148301783 394.211669921875 4
1721148328261 330.41851806640625 5
1721148402948 303.64373779296875 6
1721148429604 263.99066162109375 7
1721148456140 228.6410675048828 8
1721148482957 210.87257385253906 9
1721148509562 189.54676818847656 10
1721148582268 175.86734008789062 11
1721148609013 158.1717529296875 12
1721148635728 154.8053741455078 13
1721148662383 144.5410919189453 14
1721148689285 143.4750213623047 15
1721148760616 127.49250030517578 16
1721148787474 122.71001434326172 17
1721148814120 119.11384582519531 18
1721148841355 117.01338195800781 19
1721148869435 112.51917266845703 20
1721148945132 107.99236297607422 21
1721148971976 106.6678466796875 22
1721148998718 93.059326171875 23
1721149025705 95.52241516113281 24
1721149052410 97.20116424560547 25
1721149124578 89.68777465820312 26
1721149151639 77.07814025878906 27
1721149178526 85.05729675292969 28
1721149205326 77.73031616210938 29
1721149232356 77.8697280883789 30
1721149303276 78.1578369140625 31
1721149330356 70.59220123291016 32
1721149357303 70.243896484375 33
1721149384390 66.48163604736328 34
1721149412159 67.59520721435547 35
1721149486555 61.12937927246094 36
1721149514276 60.04447937011719 37
1721149542728 79.4144058227539 38
1721149570096 72.2125015258789 39
1721149597296 54.035560607910156 40
1721149670617 49.10276412963867 41
1721149697673 51.35246276855469 42
1721149724840 50.473140716552734 43
1721149752228 52.22451400756836 44
1721149779485 55.9068603515625 45
1721149850327 57.418087005615234 46
1721149877370 52.52824783325195 47
1721149904704 49.56085205078125 48
1721149931772 46.95256805419922 49
1721149958963 41.68856430053711 50
1721150029881 43.569007873535156 51
1721150057133 43.04816818237305 52
1721150084180 47.75687789916992 53
1721150111395 42.16157531738281 54
1721150138662 42.586997985839844 55
1721150211477 43.80571365356445 56
1721150238653 40.00990295410156 57
1721150265920 39.45280838012695 58
1721150293219 48.006065368652344 59
1721150320591 38.72661209106445 60
1721150391109 35.49851608276367 61
1721150418320 37.320987701416016 62
1721150447157 35.664756774902344 63
1721150476063 41.63959884643555 64
1721150503659 35.39304733276367 65
1721150575067 33.7569580078125 66
1721150603144 30.112167358398438 67
1721150630413 32.56789779663086 68
1721150658203 32.7734375 69
1721150685583 32.98065185546875 70
1721150755462 30.319360733032227 71
1721150782716 33.256988525390625 72
1721150809916 38.77642822265625 73
1721150837178 48.325408935546875 74
1721150864344 33.44258117675781 75
1721150934253 27.27604866027832 76
1721150961466 24.93071174621582 77
1721150989210 24.773508071899414 78
1721151016945 24.16415786743164 79
1721151045169 30.025609970092773 80
1721151120914 28.88532066345215 81
1721151149066 31.288105010986328 82
1721151178353 26.10655975341797 83
1721151206943 45.35016632080078 84
1721151234946 30.262798309326172 85
1721151306306 24.114944458007812 86
1721151333487 23.946422576904297 87
1721151360711 20.17892074584961 88
1721151388033 23.009471893310547 89
1721151415144 29.22184181213379 90
1721151485440 24.360626220703125 91
1721151512584 42.705875396728516 92
1721151541669 48.868751525878906 93
1721151568903 29.928485870361328 94
1721151596267 22.287860870361328 95
1721151666088 19.61457061767578 96
1721151693600 20.00523567199707 97
1721151720884 20.299760818481445 98
1721151748392 20.670047760009766 99
