1721148142833 5.467367649078369 0
1721148221062 24.92333221435547 1
1721148247402 69.34320068359375 2
1721148275469 128.05711364746094 3
1721148301784 171.3086395263672 4
1721148328261 197.29019165039062 5
1721148402949 214.1790313720703 6
1721148429605 234.90025329589844 7
1721148456141 259.4015808105469 8
1721148482957 272.85247802734375 9
1721148509562 286.9775390625 10
1721148582268 301.08087158203125 11
1721148609013 309.36968994140625 12
1721148635729 322.1973876953125 13
1721148662383 332.0384216308594 14
1721148689286 334.6438293457031 15
1721148760617 344.98876953125 16
1721148787475 352.5600891113281 17
1721148814120 366.19598388671875 18
1721148841355 373.071044921875 19
1721148869436 377.97784423828125 20
1721148945133 389.68719482421875 21
1721148971977 398.3234558105469 22
1721148998718 407.13507080078125 23
1721149025706 413.7984313964844 24
1721149052411 417.3088684082031 25
1721149124578 426.3070068359375 26
1721149151639 440.5576477050781 27
1721149178526 444.52459716796875 28
1721149205326 444.3378601074219 29
1721149232356 461.2137451171875 30
1721149303277 463.04901123046875 31
1721149330357 470.46624755859375 32
1721149357303 478.98651123046875 33
1721149384390 478.99322509765625 34
1721149412160 487.1637268066406 35
1721149486555 494.9122009277344 36
1721149514277 497.7394714355469 37
1721149542729 506.5900573730469 38
1721149570096 504.3386535644531 39
1721149597297 507.15625 40
1721149670617 511.9209899902344 41
1721149697673 515.5519409179688 42
1721149724841 512.3280639648438 43
1721149752229 522.479736328125 44
1721149779485 520.054931640625 45
1721149850328 526.2100830078125 46
1721149877371 527.0341186523438 47
1721149904704 530.578857421875 48
1721149931772 530.8909912109375 49
1721149958964 526.0634765625 50
1721150029882 529.6253051757812 51
1721150057133 528.5986328125 52
1721150084180 526.8048095703125 53
1721150111395 531.6695556640625 54
1721150138662 527.0289306640625 55
1721150211477 530.02197265625 56
1721150238653 527.2105102539062 57
1721150265921 530.14208984375 58
1721150293219 526.034423828125 59
1721150320592 528.385009765625 60
1721150391109 534.3167724609375 61
1721150418320 535.4471435546875 62
1721150447157 534.182373046875 63
1721150476063 536.5515747070312 64
1721150503660 536.1808471679688 65
1721150575067 532.2474975585938 66
1721150603144 527.9354248046875 67
1721150630414 526.72265625 68
1721150658203 530.67041015625 69
1721150685584 530.4725341796875 70
1721150755463 525.5779418945312 71
1721150782716 523.5779418945312 72
1721150809916 532.5097045898438 73
1721150837179 537.8054809570312 74
1721150864344 524.3392333984375 75
1721150934253 526.7171630859375 76
1721150961466 528.2051391601562 77
1721150989210 527.4613647460938 78
1721151016946 525.3340454101562 79
1721151045170 523.0941772460938 80
1721151120914 520.3768920898438 81
1721151149066 520.3140869140625 82
1721151178354 518.8230590820312 83
1721151206944 521.0469970703125 84
1721151234946 526.5939331054688 85
1721151306307 521.5206298828125 86
1721151333487 524.1407470703125 87
1721151360712 520.6028442382812 88
1721151388034 522.0552368164062 89
1721151415144 518.659423828125 90
1721151485441 519.3873901367188 91
1721151512584 522.4814453125 92
1721151541669 526.3251953125 93
1721151568904 528.8070678710938 94
1721151596267 520.0333251953125 95
1721151666089 513.8134765625 96
1721151693600 507.5121765136719 97
1721151720885 508.04473876953125 98
1721151748393 510.6888427734375 99
